parameter,construction_time,validation_time,total_time
2351,8.07664,15.9726,24.0492
2353,5.01275,16.3941,21.4069
2355,5.27875,16.3001,21.5788
2357,5.31461,13.8154,19.13
2359,4.35046,12.5147,16.8652
2361,4.81263,15.1393,19.952
2363,5.46792,13.4969,18.9648
2365,4.43983,13.0304,17.4703
2367,4.99681,16.3616,21.3584
2369,4.68252,14.5451,19.2277
2371,4.62904,14.9794,19.6085
2373,4.89529,16.736,21.6313
2375,5.2578,16.3485,21.6063
2377,4.61076,18.1414,22.7522
2379,4.85327,14.247,19.1003
2381,4.84429,18.036,22.8803
2383,5.77634,20.8614,26.6377
2385,5.34791,17.4953,22.8432
2387,5.47811,17.6092,23.0873
2389,5.50257,20.472,25.9746
2391,5.99427,19.3035,25.2977
2393,7.08819,28.6657,35.7539
2395,6.52747,30.4435,36.9709
2397,7.5027,20.0572,27.5599
2399,5.17826,13.5709,18.7491
2401,5.15326,15.7074,20.8607
2403,5.29593,13.146,18.4419
2405,5.24304,13.996,19.239
2407,5.08135,14.6891,19.7705
2409,5.08545,14.0348,19.1202
2411,5.1008,15.6118,20.7126
2413,4.90645,15.492,20.3985
2415,4.89937,14.2282,19.1275
2417,4.95249,14.9866,19.9391
2419,4.8819,14.9146,19.7965
2421,5.33705,15.0425,20.3795
2423,5.08831,15.0253,20.1136
2425,5.43101,15.8303,21.2613
2427,5.47446,14.887,20.3615
2429,5.19743,14.2166,19.414
