parameter,construction_time,validation_time,total_time
1547,2.36216,6.19164,8.5538
1549,1.87371,9.91328,11.787
1551,2.4755,7.50738,9.98288
1553,2.28758,9.76162,12.0492
1555,2.45743,10.4085,12.8659
1557,2.59839,7.53659,10.135
1559,2.16318,5.74498,7.90816
1561,2.06148,8.3299,10.3914
1563,2.70652,9.77889,12.4854
1565,2.46791,10.5977,13.0657
1567,2.36165,10.3304,12.6921
1569,2.31977,6.1258,8.44557
1571,2.41725,9.26999,11.6872
1573,2.19791,9.10136,11.2993
1575,2.4107,7.24653,9.65723
1577,2.502,8.57994,11.0819
1579,2.43528,10.5999,13.0352
1581,3.31773,8.97264,12.2904
1583,2.51853,12.4409,14.9594
1585,2.25232,8.96573,11.2181
1587,2.46165,11.0461,13.5078
1589,2.45022,10.2073,12.6575
1591,2.51731,8.19911,10.7164
1593,2.51482,12.0598,14.5746
1595,2.64939,9.47348,12.1229
1597,2.37007,9.04263,11.4127
1599,2.78086,12.689,15.4698
1601,3.04046,11.6033,14.6438
1603,3.46403,15.9328,19.3968
1605,4.5228,12.417,16.9398
1607,2.30335,8.44373,10.7471
1609,2.60466,8.03668,10.6413
1611,2.39542,11.788,14.1834
1613,2.60655,10.2395,12.846
1615,2.83274,10.2741,13.1068
1617,2.34125,10.321,12.6623
1619,2.77632,13.462,16.2383
1621,2.53398,11.1563,13.6903
1623,2.40986,7.48287,9.89273
1625,3.02053,10.4815,13.502
1627,2.70513,13.5036,16.2087
1629,3.12813,10.3766,13.5047
1631,2.96014,13.3251,16.2852
1633,4.47108,17.6326,22.1037
1635,3.62123,15.2469,18.8681
1637,3.08096,13.6645,16.7454
1639,3.4815,14.4089,17.8904
1641,2.85399,12.8477,15.7017
1643,2.80943,12.2818,15.0913
1645,4.56463,10.7064,15.271
1647,2.6104,14.0796,16.69
1649,3.0541,14.7515,17.8056
1651,2.86418,14.7265,17.5907
1653,2.7281,9.68566,12.4138
1655,2.45946,7.65036,10.1098
1657,1.87964,7.86504,9.74468
1659,2.77596,9.38505,12.161
1661,3.02247,10.5337,13.5562
1663,2.722,12.1164,14.8384
1665,3.50917,11.0063,14.5154
1667,2.71784,11.3676,14.0854
1669,2.71353,10.1459,12.8595
1671,3.04283,11.8066,14.8494
1673,2.6427,11.0541,13.6968
1675,2.85321,9.90093,12.7541
1677,2.99225,11.893,14.8853
1679,2.9737,12.4112,15.3849
1681,3.09783,10.5598,13.6577
1683,2.7874,11.3823,14.1697
1685,3.20009,10.2932,13.4933
1687,2.74584,12.6639,15.4098
1689,3.60181,13.2077,16.8095
1691,3.21763,13.0524,16.2701
1693,4.02154,13.1999,17.2215
1695,4.21291,13.8934,18.1063
1697,2.98632,15.2338,18.2201
1699,3.30824,12.2517,15.56
1701,3.24114,11.8533,15.0944
1703,2.7432,13.9488,16.692
1705,2.84707,11.4281,14.2752
1707,2.26011,7.29965,9.55976
1709,2.9818,10.1924,13.1742
1711,3.14128,11.7245,14.8657
1713,3.11435,15.3408,18.4551
1715,3.3275,13.2374,16.5649
1717,3.03172,12.9629,15.9946
1719,3.49195,8.54338,12.0353
1721,2.7974,10.6034,13.4008
1723,3.25124,13.5698,16.821
1725,3.59234,14.3829,17.9752
1727,3.71045,12.5194,16.2299
1729,3.32873,13.8881,17.2168
1731,3.25215,12.5872,15.8393
1733,3.161,14.2449,17.4059
1735,4.07338,13.9816,18.055
1737,2.83995,11.7106,14.5505
1739,2.96309,16.0255,18.9886
1741,3.26279,14.4769,17.7397
1743,3.85341,12.2381,16.0915
1745,3.62186,15.8362,19.4581
1747,3.0394,15.666,18.7054
1749,3.08362,15.9108,18.9944
1751,3.60315,13.4898,17.093
1753,2.8447,17.2857,20.1304
1755,4.76393,13.6121,18.3761
1757,3.69453,20.1286,23.8231
1759,3.79915,15.2647,19.0638
1761,3.13939,16.1774,19.3168
1763,4.51884,15.1926,19.7114
1765,3.58896,14.222,17.811
1767,3.20904,13.0246,16.2336
1769,3.43724,12.4778,15.915
1771,3.18195,12.6311,15.813
1773,3.07574,15.4083,18.484
1775,3.70513,9.67352,13.3786
1777,2.99065,16.3128,19.3035
1779,3.98511,14.4787,18.4638
1781,3.29207,15.6621,18.9542
1783,3.1092,14.5555,17.6647
1785,3.38143,13.4726,16.854
1787,3.69325,14.4306,18.1239
1789,3.61533,16.9159,20.5312
1791,4.71497,13.8052,18.5202
1793,3.0671,16.5426,19.6097
1795,3.38307,14.2777,17.6608
1797,2.89992,15.019,17.9189
1799,3.51174,15.5066,19.0183
1801,3.72905,16.1018,19.8308
1803,3.33894,15.2704,18.6094
1805,3.23346,12.8348,16.0683
1807,3.35323,13.3143,16.6675
1809,3.58068,16.2361,19.8168
1811,4.45586,17.2468,21.7027
1813,3.65215,13.5466,17.1988
1815,3.35949,14.6807,18.0402
1817,3.26495,13.6043,16.8693
1819,3.07636,16.5092,19.5856
1821,4.2384,15.6122,19.8506
1823,3.27219,15.4699,18.7421
1825,3.49046,14.3452,17.8357
1827,3.29015,14.6265,17.9167
1829,3.32124,17.2827,20.6039
1831,3.60352,14.8944,18.4979
1833,3.17633,13.1539,16.3302
1835,3.29287,12.4883,15.7811
1837,3.93411,17.1216,21.0557
1839,4.0179,16.8534,20.8713
1841,3.5218,17.4661,20.9879
1843,4.47633,15.623,20.0994
1845,3.45078,16.1446,19.5954
1847,3.71572,19.3571,23.0728
1849,4.65641,20.0123,24.6687
1851,3.66641,17.9114,21.5778
1853,3.53541,18.5068,22.0422
1855,3.97392,18.5505,22.5244
1857,4.54577,18.4318,22.9776
1859,4.85665,17.8455,22.7022
1861,3.60288,17.1825,20.7854
1863,3.63258,17.8215,21.4541
1865,3.85019,18.6778,22.528
1867,4.25581,15.9499,20.2057
1869,3.74081,16.7361,20.4769
1871,3.33973,20.7721,24.1118
1873,3.79892,20.1606,23.9595
1875,3.85801,15.7569,19.6149
1877,3.9289,13.4928,17.4217
1879,2.68933,17.7098,20.3991
1881,4.63845,19.4139,24.0524
1883,3.57629,17.7969,21.3732
1885,5.9291,13.1601,19.0892
1887,2.87513,11.6673,14.5424
1889,2.51074,15.1531,17.6639
1891,2.98616,17.6241,20.6102
1893,3.62891,17.9514,21.5804
1895,4.26621,19.179,23.4452
1897,5.42831,17.8797,23.3081
1899,2.89512,22.1988,25.094
1901,6.55958,24.174,30.7336
1903,4.72354,23.1025,27.8261
1905,4.65052,19.4847,24.1352
1907,5.44627,23.2734,28.7197
1909,4.73259,20.7353,25.4679
1911,4.88767,17.3916,22.2793
1913,4.64165,20.5455,25.1871
1915,5.19533,25.1888,30.3841
1917,5.1659,22.2729,27.4388
1919,5.17282,21.4985,26.6714
1921,5.06967,22.1077,27.1774
1923,4.79704,18.8692,23.6662
1925,4.40573,17.0424,21.4482
1927,5.11859,13.9439,19.0625
1929,4.8601,17.1607,22.0208
1931,3.85295,13.5411,17.3941
1933,3.84104,14.79,18.631
1935,3.55714,18.2688,21.8259
1937,5.48624,20.4465,25.9327
1939,4.68973,19.4318,24.1216
1941,4.6811,17.6155,22.2966
1943,4.48903,20.832,25.321
1945,4.22649,16.6841,20.9106
1947,4.7034,18.141,22.8444
1949,4.48769,20.1709,24.6586
1951,5.20723,21.2929,26.5002
1953,4.58417,20.7529,25.3371
1955,4.60399,20.923,25.527
1957,4.55136,19.5614,24.1128
1959,5.11058,19.9107,25.0213
1961,4.68031,19.4942,24.1745
1963,5.04619,25.9898,31.036
1965,4.854,16.3896,21.2436
1967,4.46779,20.5228,24.9906
1969,6.06935,21.039,27.1084
1971,5.05294,18.9308,23.9837
1973,4.65089,22.6587,27.3096
1975,5.15011,19.121,24.2712
1977,4.44642,20.4461,24.8925
1979,4.49286,21.8617,26.3545
1981,4.60942,20.8455,25.4549
1983,4.84534,22.1264,26.9717
1985,5.21037,21.0928,26.3032
1987,4.69028,20.6499,25.3402
1989,5.0761,20.4316,25.5077
1991,6.337,21.1628,27.4998
1993,4.37912,21.0022,25.3813
1995,5.2279,16.0116,21.2395
1997,4.21632,20.2775,24.4938
1999,4.97408,18.0463,23.0204
2001,3.40781,15.715,19.1228
2003,4.26597,22.1416,26.4076
2005,4.78096,21.8198,26.6008
2007,4.84206,24.2803,29.1223
2009,7.18557,21.3719,28.5575
2011,5.4722,22.7541,28.2263
2013,4.98089,935.653,940.633
2015,3.54433,11.5795,15.1238
2017,3.71365,12.0619,15.7756
2019,3.2296,11.2142,14.4438
2021,3.41684,10.7774,14.1942
2023,3.2235,10.5166,13.7401
2025,3.66619,9.65953,13.3257
2027,3.0561,11.1605,14.2166
2029,3.14161,10.824,13.9657
2031,3.21321,9.81628,13.0295
2033,3.08264,10.4995,13.5821
2035,3.13882,10.3809,13.5197
2037,3.13317,9.68932,12.8225
2039,3.17422,11.0903,14.2646
2041,3.42688,10.9372,14.3641
2043,3.35138,10.8093,14.1607
2045,3.22187,10.7882,14.0101
2047,3.36191,11.3759,14.7378
2049,3.3004,11.2417,14.5421
2051,3.32669,11.4832,14.8099
2053,3.42456,11.3901,14.8147
2055,3.24383,10.5496,13.7934
2057,3.44681,11.3269,14.7737
2059,3.33175,11.9041,15.2358
2061,3.51541,10.2593,13.7747
2063,3.07834,10.8851,13.9634
2065,4.02942,11.6308,15.6602
2067,3.62554,13.8493,17.4748
2069,4.47232,11.8341,16.3064
2071,3.28548,9.75009,13.0356
2073,3.06723,10.9365,14.0037
2075,3.58481,11.6771,15.2619
2077,3.55142,10.9313,14.4827
2079,3.30804,10.7991,14.1071
2081,3.25015,11.7259,14.9761
2083,3.47842,12.4691,15.9475
2085,3.51342,10.3393,13.8528
2087,3.34999,11.72,15.07
2089,3.36558,9.99821,13.3638
2091,3.35703,10.5475,13.9045
2093,3.37984,11.8785,15.2583
2095,3.33732,11.5144,14.8517
2097,3.47481,11.2014,14.6762
2099,3.41178,12.2036,15.6153
2101,3.65595,12.1399,15.7959
2103,3.70186,11.6506,15.3524
2105,3.64016,10.9934,14.6335
2107,3.59723,10.5478,14.1451
2109,3.50999,10.5235,14.0335
2111,3.63263,12.9089,16.5415
2113,3.69105,11.3849,15.076
2115,3.60622,10.3669,13.9731
2117,3.45499,11.7741,15.2291
2119,3.75963,11.1506,14.9102
2121,3.61852,12.0055,15.624
2123,4.04658,11.2234,15.2699
2125,3.4408,9.82807,13.2689
2127,3.629,10.8309,14.4599
2129,3.58863,11.7452,15.3338
2131,3.80739,13.1138,16.9212
2133,3.66563,11.5884,15.254
2135,3.46112,11.0157,14.4768
2137,3.4974,12.1716,15.669
2139,3.73804,11.4408,15.1788
2141,3.52587,13.8185,17.3443
2143,3.76857,13.1469,16.9154
2145,6.78898,12.5561,19.345
2147,3.71664,13.1515,16.8681
2149,3.56745,14.4857,18.0531
2151,4.37576,11.7471,16.1229
2153,4.37747,15.5846,19.9621
2155,4.07945,14.9466,19.026
2157,5.88902,17.6825,23.5715
2159,4.54456,13.5399,18.0844
2161,4.74521,13.4074,18.1526
2163,3.72894,13.3214,17.0504
2165,3.83531,16.7284,20.5637
2167,5.15083,14.6529,19.8037
2169,6.66337,13.7382,20.4016
2171,4.60129,14.7187,19.32
2173,3.99068,17.2123,21.203
2175,6.40422,15.6494,22.0536
2177,5.63972,17.2449,22.8846
2179,5.84206,16.5478,22.3898
2181,6.50419,15.1033,21.6075
2183,4.99456,16.7486,21.7432
2185,4.60477,15.4225,20.0273
2187,6.99904,17.5446,24.5437
2189,6.04985,16.5129,22.5627
2191,5.79918,16.5905,22.3897
2193,5.45121,17.5394,22.9906
2195,5.55817,15.1126,20.6707
2197,4.64429,13.4939,18.1382
