parameter,construction_time,validation_time,total_time
2201,4.20869,10.1324,14.3411
2203,4.46468,13.9538,18.4185
2205,3.72455,13.9424,17.6669
2207,5.6573,12.7391,18.3964
2209,3.94012,12.6517,16.5918
2211,4.00547,15.114,19.1195
2213,3.98505,14.1692,18.1543
2215,4.23118,14.8747,19.1059
2217,4.52452,14.3133,18.8378
2219,3.86545,12.2694,16.1349
2221,3.71237,14.1167,17.829
2223,4.39964,11.1219,15.5215
2225,4.35839,12.6882,17.0466
2227,4.0265,15.5278,19.5543
2229,4.38166,11.8543,16.236
2231,3.71916,13.365,17.0841
2233,4.03074,11.0382,15.0689
2235,4.47987,13.1038,17.5837
2237,4.05805,14.3289,18.387
2239,3.88547,14.2759,18.1614
2241,3.76211,13.8675,17.6296
2243,3.93789,12.386,16.3239
2245,3.89336,14.1026,17.996
2247,3.90132,12.5661,16.4674
2249,4.44029,14.3372,18.7775
2251,3.95005,15.4637,19.4138
2253,3.96316,14.29,18.2531
2255,3.92112,13.0685,16.9897
2257,4.14466,13.8935,18.0382
2259,4.04524,15.0428,19.0881
2261,4.08329,14.0092,18.0925
2263,4.13507,14.1691,18.3041
2265,4.36427,12.5517,16.916
2267,4.51679,13.1459,17.6627
2269,4.1555,14.6655,18.821
2271,4.35356,14.2425,18.5961
2273,4.6774,15.3121,19.9895
2275,4.4652,14.4483,18.9136
2277,4.53636,12.5939,17.1303
2279,4.38486,13.433,17.8178
2281,4.37172,15.1611,19.5328
2283,4.02811,15.9656,19.9937
2285,4.54826,16.1423,20.6905
2287,4.62474,15.6863,20.3111
2289,4.33558,15.0522,19.3878
2291,4.62692,14.2008,18.8278
2293,4.54454,16.0664,20.611
2295,5.70658,15.4644,21.171
2297,4.33054,15.2624,19.5929
2299,4.39245,14.5383,18.9307
2301,4.38854,14.6749,19.0634
2303,4.85158,13.9823,18.8339
2305,4.21262,16.6558,20.8684
2307,5.52563,17.2724,22.798
2309,4.48492,14.6475,19.1324
2311,4.44861,14.1272,18.5758
2313,4.71533,12.8611,17.5764
2315,4.50372,14.8914,19.3951
2317,4.63221,16.0559,20.6881
2319,4.42733,15.7751,20.2025
2321,4.49455,15.6273,20.1219
2323,5.16245,15.0895,20.252
2325,4.29528,15.3515,19.6468
2327,4.68343,15.9781,20.6615
2329,4.59058,16.4925,21.0831
2331,5.6284,14.6266,20.255
2333,4.70907,17.5762,22.2852
2335,5.44056,16.5169,21.9574
2337,4.44039,15.2305,19.6709
2339,4.65055,13.8965,18.5471
2341,4.71569,15.6835,20.3992
2343,4.68605,13.7958,18.4819
2345,4.66591,15.8754,20.5413
2347,4.99581,15.3149,20.3107
2349,5.07376,14.4451,19.5188
