parameter,construction_time,validation_time,total_time
3,3.2e-05,1.6e-05,5.1e-05
5,2.5e-05,4.2e-05,7e-05
7,4.6e-05,6.4e-05,0.000112
9,6.1e-05,9.7e-05,0.00016
11,8.7e-05,0.000144,0.000234
13,0.000116,0.000219,0.000338
15,0.000281,0.000293,0.000576
17,0.000186,0.000339,0.000527
19,0.000228,0.000408,0.000638
21,0.000224,0.000351,0.000577
23,0.000291,0.000482,0.000775
25,0.000316,0.000608,0.000927
27,0.000382,0.000737,0.001121
29,0.000443,0.000743,0.001188
31,0.000495,0.000901,0.001399
33,0.000624,0.00134,0.001967
35,0.000794,0.001424,0.002222
37,0.000699,0.001223,0.001925
39,0.000917,0.00148,0.002402
41,0.000651,0.001166,0.001819
43,0.000813,0.001322,0.002137
45,0.001149,0.001616,0.002767
47,0.000951,0.001808,0.002761
49,0.001012,0.001865,0.002879
51,0.001009,0.001997,0.003008
53,0.000982,0.001942,0.002926
55,0.001021,0.002303,0.003326
57,0.001253,0.002629,0.003885
59,0.001847,0.002437,0.004287
61,0.001415,0.002879,0.004296
63,0.001385,0.003262,0.004648
65,0.001661,0.003137,0.004801
67,0.001707,0.003116,0.004825
69,0.001628,0.00405,0.005681
71,0.002167,0.004228,0.006398
73,0.001853,0.004717,0.006572
75,0.002168,0.003973,0.006143
77,0.002062,0.004191,0.006255
79,0.00207,0.004449,0.006521
81,0.002265,0.004642,0.006908
83,0.002302,0.004923,0.007227
85,0.002453,0.00511,0.007565
87,0.002571,0.005446,0.00802
89,0.002719,0.005741,0.008462
91,0.003666,0.008679,0.012347
93,0.003131,0.006551,0.009684
95,0.003247,0.008464,0.011713
97,0.004215,0.007202,0.011419
99,0.003058,0.007129,0.010189
101,0.003585,0.008043,0.011631
103,0.004422,0.008725,0.01315
105,0.003777,0.00998,0.013759
107,0.004583,0.009741,0.014327
109,0.00401,0.010937,0.014952
111,0.004147,0.010959,0.015109
113,0.005331,0.011268,0.016602
115,0.004773,0.010436,0.015212
117,0.004531,0.010963,0.015497
119,0.004615,0.011082,0.0157
121,0.005846,0.011746,0.017594
123,0.005004,0.013315,0.018321
125,0.005564,0.018066,0.023633
127,0.006528,0.019069,0.025599
129,0.006138,0.015268,0.021411
131,0.008097,0.018223,0.026322
133,0.006477,0.017721,0.0242
135,0.010234,0.020809,0.031046
137,0.007803,0.019953,0.027758
139,0.00715,0.024638,0.03179
141,0.013364,0.03589,0.049258
143,0.014016,0.03192,0.045939
145,0.010366,0.032368,0.042736
147,0.012306,0.035594,0.047903
149,0.016092,0.034215,0.05031
151,0.012455,0.032241,0.044699
153,0.013578,0.035169,0.04875
155,0.013537,0.034858,0.048399
157,0.015378,0.039252,0.054633
159,0.019366,0.036973,0.056342
161,0.015788,0.039967,0.055758
163,0.017202,0.043244,0.060451
165,0.018119,0.045334,0.063459
167,0.017044,0.042541,0.059587
169,0.021021,0.048791,0.069813
171,0.019449,0.047168,0.066622
173,0.017517,0.040797,0.058316
175,0.015209,0.044904,0.060115
177,0.017051,0.042535,0.059589
179,0.017707,0.041694,0.059405
181,0.019152,0.044252,0.063409
183,0.016024,0.039494,0.055521
185,0.015441,0.053456,0.068902
187,0.026847,0.058685,0.085537
189,0.019191,0.05769,0.076884
191,0.020364,0.056107,0.076477
193,0.024129,0.065745,0.089879
195,0.02048,0.053447,0.073932
197,0.022155,0.06815,0.090308
199,0.0267,0.062364,0.089066
201,0.025172,0.051879,0.077056
203,0.020097,0.049001,0.069101
205,0.02034,0.048223,0.068569
207,0.027061,0.059993,0.087056
209,0.021921,0.057005,0.07893
211,0.022104,0.058256,0.080362
213,0.021422,0.059642,0.081067
215,0.022241,0.05714,0.079384
217,0.026493,0.068465,0.094964
219,0.02243,0.060762,0.083197
221,0.024852,0.065361,0.090219
223,0.025688,0.063655,0.089346
225,0.023403,0.060097,0.083503
227,0.025776,0.065938,0.091717
229,0.023666,0.072518,0.096187
231,0.025901,0.094266,0.120169
233,0.03557,0.071136,0.106708
235,0.025803,0.065764,0.09157
237,0.025613,0.071023,0.096641
239,0.030969,0.071597,0.102568
241,0.027093,0.073253,0.100349
243,0.028456,0.071022,0.099483
245,0.033119,0.071684,0.104806
247,0.02836,0.071403,0.099767
249,0.028824,0.075279,0.104104
251,0.031026,0.080758,0.111786
253,0.033371,0.072566,0.10594
255,0.032407,0.079421,0.111831
257,0.031288,0.078839,0.110129
259,0.032046,0.084049,0.116097
261,0.032697,0.082485,0.115184
263,0.032853,0.089403,0.122258
265,0.033536,0.080463,0.114001
267,0.034633,0.084285,0.11892
269,0.035811,0.09109,0.126904
271,0.043586,0.089813,0.133405
273,0.03284,0.087347,0.120189
275,0.0422,0.115275,0.157477
277,0.039311,0.092862,0.132178
279,0.040999,0.092196,0.133198
281,0.038338,0.093516,0.131856
283,0.040711,0.093831,0.134544
285,0.04639,0.097258,0.143651
287,0.043094,0.102477,0.145574
289,0.061273,0.101724,0.163002
291,0.041704,0.101313,0.143019
293,0.041719,0.103586,0.145307
295,0.049271,0.105172,0.154445
297,0.042261,0.102337,0.144604
299,0.052313,0.10748,0.159798
301,0.044793,0.102674,0.147473
303,0.047906,0.110428,0.158336
305,0.04497,0.113229,0.158205
307,0.047541,0.144912,0.192456
309,0.061975,0.128205,0.190183
311,0.045503,0.117568,0.163073
313,0.051839,0.118812,0.170656
315,0.051933,0.118322,0.17026
317,0.050865,0.142591,0.193461
319,0.049442,0.126665,0.176109
321,0.048405,0.126511,0.174919
323,0.050451,0.127889,0.178342
325,0.051393,0.132706,0.184103
327,0.052306,0.131184,0.183495
329,0.049051,0.145586,0.194639
331,0.058844,0.154369,0.213217
333,0.05293,0.148375,0.201307
335,0.057983,0.199981,0.257967
337,0.060889,0.142892,0.203787
339,0.073248,0.176863,0.250114
341,0.056351,0.147674,0.20403
343,0.065801,0.185874,0.251678
345,0.056599,0.147518,0.20412
347,0.059446,0.161673,0.221124
349,0.056958,0.172659,0.22962
351,0.060736,0.166197,0.226935
353,0.059779,0.179782,0.239566
355,0.059091,0.159339,0.218435
357,0.059629,0.155177,0.214809
359,0.062821,0.175514,0.238341
361,0.061114,0.174751,0.23587
363,0.064333,0.168332,0.23267
365,0.065884,0.17403,0.239916
367,0.072129,0.178759,0.25089
369,0.065975,0.178538,0.244518
371,0.067056,0.181719,0.248777
373,0.06885,0.227136,0.295991
375,0.069417,0.178199,0.247618
377,0.067257,0.17786,0.245123
379,0.074289,0.190875,0.265169
381,0.071499,0.187528,0.259029
383,0.073834,0.198298,0.272135
385,0.071267,0.191107,0.262376
387,0.073594,0.204,0.277596
389,0.081422,0.215723,0.297149
391,0.096948,0.270631,0.367581
393,0.085524,0.254859,0.340387
395,0.094598,0.213121,0.307722
397,0.085412,0.218358,0.303773
399,0.101871,0.282552,0.384425
401,0.103053,0.288841,0.391895
403,0.121671,0.235412,0.357085
405,0.092725,0.202645,0.295372
407,0.085704,0.253725,0.339431
409,0.084997,0.226124,0.311126
411,0.084653,0.221755,0.306414
413,0.084554,0.216172,0.300731
415,0.086317,0.215857,0.302179
417,0.08685,0.21886,0.305712
419,0.088316,0.236758,0.325076
421,0.087458,0.217853,0.305314
423,0.108802,0.238165,0.346973
425,0.092763,0.228903,0.321671
427,0.092381,0.230628,0.323012
429,0.092735,0.237569,0.33031
431,0.119979,0.315118,0.4351
433,0.105677,0.248113,0.353796
435,0.136182,0.307327,0.443511
437,0.123788,0.315385,0.439175
439,0.115076,0.28091,0.395988
441,0.122036,0.260528,0.382566
443,0.12544,0.330241,0.455686
445,0.126812,0.299015,0.425829
447,0.133562,0.269493,0.403058
449,0.103987,0.293371,0.397363
451,0.104124,0.274721,0.378847
453,0.111205,0.274088,0.385295
455,0.105465,0.267312,0.372783
457,0.12773,0.341284,0.469017
459,0.125727,0.304916,0.430646
461,0.113839,0.339599,0.45344
463,0.142814,0.408383,0.551201
465,0.172047,0.546076,0.718128
467,0.153178,0.486138,0.639321
469,0.125146,0.300374,0.425525
471,0.135055,0.353187,0.488245
473,0.173236,0.430766,0.604004
475,0.132666,0.407567,0.540235
477,0.141929,0.299934,0.441868
479,0.183731,0.433293,0.617026
481,0.143983,0.398062,0.542048
483,0.125856,0.358362,0.484223
485,0.125571,0.347679,0.473253
487,0.15386,0.482104,0.635967
489,0.129553,0.416533,0.546092
491,0.164855,0.396156,0.561014
493,0.181937,0.499611,0.681552
495,0.168998,0.433294,0.602294
497,0.181479,0.385672,0.567154
499,0.141345,0.489947,0.631294
501,0.16955,0.398531,0.568083
503,0.149733,0.47639,0.626125
505,0.174008,0.46037,0.63438
507,0.168436,0.394078,0.562518
509,0.201159,0.548521,0.749686
511,0.16017,0.570049,0.730222
513,0.198702,0.500509,0.699214
515,0.145918,0.391833,0.537753
517,0.144587,0.387575,0.532166
519,0.154255,0.411333,0.565593
521,0.153995,0.391111,0.545109
523,0.179151,0.442616,0.621769
525,0.167629,0.386678,0.55431
527,0.147162,0.396773,0.543937
529,0.154416,0.399938,0.554357
531,0.161453,0.439782,0.601237
533,0.150847,0.42099,0.571839
535,0.167886,0.424115,0.592006
537,0.149507,0.398435,0.547944
539,0.164248,0.392424,0.556677
541,0.157325,0.460715,0.618042
543,0.18874,0.40273,0.591475
545,0.16498,0.416774,0.581757
547,0.160697,0.409094,0.569793
549,0.162174,0.411009,0.573188
551,0.178479,0.44115,0.619635
553,0.174279,0.426433,0.600717
555,0.165155,0.421813,0.586972
557,0.170024,0.437998,0.608027
559,0.175124,0.417126,0.592253
561,0.16439,0.417914,0.582309
563,0.174635,0.434417,0.609055
565,0.176669,0.445148,0.62182
567,0.173742,0.441238,0.614982
569,0.172196,0.489948,0.662146
571,0.177715,0.491775,0.669494
573,0.219955,0.661714,0.881672
575,0.242149,0.804083,1.04623
577,0.334115,0.859332,1.19345
579,0.195307,0.50786,0.70317
581,0.191777,0.872558,1.06434
583,0.205202,0.515892,0.721097
585,0.185736,0.457874,0.643612
587,0.194678,0.581327,0.77601
589,0.20155,0.505857,0.707409
591,0.19261,0.500339,0.692951
593,0.187543,0.525737,0.713286
595,0.202308,0.500612,0.702922
597,0.193732,0.490386,0.684123
599,0.209949,0.523904,0.733855
601,0.198415,0.521201,0.719621
603,0.207522,0.487194,0.694721
605,0.200831,0.512822,0.713656
607,0.209158,0.575559,0.784719
609,0.206077,0.534817,0.740899
611,0.220999,0.568023,0.789024
613,0.223277,0.538585,0.761868
615,0.222126,0.516632,0.738762
617,0.212743,0.56012,0.772868
619,0.213552,0.532679,0.746234
621,0.218074,0.544328,0.762405
623,0.216695,0.549006,0.765706
625,0.22218,0.545529,0.767712
627,0.225504,0.597098,0.822605
629,0.22903,0.579996,0.809031
631,0.230084,0.591636,0.821725
633,0.220589,0.595408,0.816
635,0.237439,0.551094,0.788536
637,0.200871,0.450264,0.651137
639,0.18127,0.427335,0.608607
641,0.167164,0.450966,0.618133
643,0.18772,0.462515,0.65024
645,0.182138,0.441243,0.623386
647,0.185585,0.471553,0.657143
649,0.172004,0.455955,0.627962
651,0.181384,0.469819,0.651206
653,0.185452,0.496165,0.681622
655,0.187913,0.479432,0.66735
657,0.184169,0.475805,0.659977
659,0.192762,0.481332,0.674097
661,0.186214,0.496153,0.68237
663,0.189339,0.479609,0.668953
665,0.183176,0.485669,0.668848
667,0.189812,0.481889,0.671706
669,0.196154,0.507966,0.704123
671,0.26006,0.696487,0.956552
673,0.258926,0.7759,1.03483
675,0.282663,0.710454,0.993119
677,0.261146,0.717806,0.978955
679,0.273767,0.848647,1.12242
681,0.259548,0.705324,0.964874
683,0.272188,0.788313,1.06051
685,0.278495,0.752433,1.03093
687,0.27513,0.719171,0.994305
689,0.275727,0.809309,1.08504
691,0.290345,0.765927,1.05628
693,0.274441,0.733023,1.00747
695,0.29198,0.75293,1.04492
697,0.292258,0.77713,1.06939
699,0.301511,0.749789,1.05131
701,0.288493,0.800894,1.08939
703,0.284637,0.827279,1.11192
705,0.289081,0.790226,1.07931
707,0.287341,0.805504,1.09285
709,0.288822,0.831663,1.12049
711,0.288111,0.705489,0.993603
713,0.219615,0.594362,0.813981
715,0.243536,0.59306,0.836601
717,0.220071,0.608177,0.828253
719,0.223128,0.582704,0.805835
721,0.224786,0.608388,0.83318
723,0.221206,0.606902,0.828111
725,0.237113,0.610298,0.847415
727,0.234047,0.63734,0.871392
729,0.230412,0.617235,0.847649
731,0.240951,0.621086,0.86204
733,0.235569,0.643164,0.878736
735,0.239702,0.612469,0.852172
737,0.248171,0.64844,0.896613
739,0.249813,0.671726,0.921541
741,0.262937,0.687879,0.950818
743,0.263911,0.696122,0.960036
745,0.235972,0.694601,0.930575
747,0.251097,0.668975,0.920077
749,0.236731,0.652348,0.889083
751,0.247947,0.68435,0.932299
753,0.247403,0.658883,0.906289
755,0.261503,0.673245,0.934751
757,0.249796,0.769983,1.01978
759,0.296025,1.0695,1.36553
761,0.339694,1.1616,1.5013
763,0.36246,0.956555,1.31902
765,0.371624,0.909485,1.28111
767,0.363829,0.934165,1.298
769,0.351738,1.00059,1.35234
771,0.376326,0.955111,1.33144
773,0.361556,0.946247,1.30781
775,0.379114,1.03121,1.41033
777,0.398571,1.01551,1.41409
779,0.374464,1.04989,1.42436
781,0.375532,1.01584,1.39138
783,0.388974,0.956599,1.34558
785,0.374961,1.05333,1.4283
787,0.379278,1.11536,1.49464
789,0.383618,1.01299,1.39661
791,0.387641,0.98285,1.3705
793,0.474575,1.02582,1.50039
795,0.398559,1.01118,1.40975
797,0.434432,1.06379,1.49822
799,0.489279,1.04496,1.53425
801,0.392838,1.04565,1.43849
803,0.39133,1.09028,1.48161
805,0.398254,1.02573,1.42399
807,0.418339,1.12489,1.54323
809,0.437737,1.18152,1.61926
811,0.421162,1.55709,1.97826
813,0.49995,1.45484,1.95479
815,0.49914,1.93356,2.4327
817,0.470162,1.36936,1.83953
819,0.466545,1.50342,1.96997
821,0.441859,1.76415,2.20602
823,0.443051,1.49945,1.9425
825,0.41635,1.28833,1.70469
827,0.419584,1.14431,1.5639
829,0.452484,1.13997,1.59246
831,0.458683,1.25533,1.71401
833,0.442874,1.34453,1.7874
835,0.463379,1.2481,1.71149
837,0.510427,1.15135,1.66178
839,0.457222,1.40769,1.86491
841,0.441194,1.59003,2.03122
843,0.47942,1.33407,1.81349
845,0.503282,1.40466,1.90795
847,0.470274,1.27337,1.74365
849,0.470211,1.20745,1.67766
851,0.540168,1.45563,1.9958
853,0.4909,1.56811,2.05901
855,0.484523,1.26726,1.75178
857,0.492949,1.43879,1.93174
859,0.477648,1.44014,1.91779
861,0.464015,1.25755,1.72157
863,0.457902,1.30152,1.75943
865,0.480611,1.40844,1.88905
867,0.510467,1.41454,1.92501
869,0.496978,1.40765,1.90464
871,0.506814,1.37021,1.87703
873,0.502559,1.65524,2.1578
875,0.489019,1.81084,2.29986
877,0.617585,2.36081,2.9784
879,0.540495,1.53282,2.07331
881,0.632901,1.94993,2.58284
883,0.60175,1.44991,2.05167
885,0.523709,1.52875,2.05246
887,0.559919,1.58515,2.14507
889,0.503713,1.41752,1.92123
891,0.525373,1.34292,1.86829
893,0.539397,1.50228,2.04168
895,0.557512,1.51357,2.07109
897,0.519585,1.51334,2.03293
899,0.538533,1.56868,2.10721
901,0.544333,1.50499,2.04933
903,0.560246,1.4658,2.02605
905,0.655483,1.73721,2.3927
907,0.541442,1.51494,2.05638
909,0.571147,1.49679,2.06794
911,0.596117,1.49785,2.09397
913,0.55484,1.61068,2.16552
915,0.600378,1.93636,2.53674
917,0.659118,1.91045,2.56957
919,0.737229,1.6036,2.34083
921,0.581538,1.79029,2.37183
923,0.642923,1.72928,2.3722
925,0.6079,1.48166,2.08956
927,0.610483,1.6286,2.23909
929,0.605956,1.75026,2.35622
931,0.621484,1.80765,2.42914
933,0.648195,1.67145,2.31965
935,0.667001,1.60818,2.27518
937,0.641528,2.02025,2.66178
939,0.632272,2.00162,2.6339
941,0.745021,2.04022,2.78524
943,0.978524,3.11014,4.08867
945,0.788658,2.53355,3.32221
947,0.748145,1.79213,2.54028
949,0.766586,1.81464,2.58123
951,0.654692,2.10886,2.76356
953,0.653601,1.91517,2.56877
955,0.633524,1.81682,2.45035
957,0.708797,1.77378,2.48258
959,0.628118,1.60585,2.23397
961,0.716972,2.12105,2.83802
963,0.645301,2.14125,2.78655
965,0.765014,1.91104,2.67606
967,0.668553,2.84482,3.51338
969,0.695979,1.94855,2.64453
971,0.663562,1.8189,2.48247
973,0.696305,2.16891,2.86522
975,0.732401,2.2083,2.94071
977,0.661783,2.38231,3.0441
979,0.671825,2.15145,2.82327
981,0.687389,2.22432,2.91171
983,0.725661,2.08094,2.8066
985,0.750521,1.99903,2.74956
987,0.710391,1.83428,2.54468
989,0.700214,2.5783,3.27852
991,0.909556,2.39619,3.30575
993,0.688191,2.21972,2.90791
995,0.841161,3.04001,3.88118
997,0.738453,1.98334,2.72179
999,0.736198,1.85195,2.58815
1001,0.736788,1.89735,2.63414
1003,0.702318,1.83099,2.53332
1005,0.750108,1.93238,2.68249
1007,0.758279,1.9959,2.75419
1009,0.713222,2.3692,3.08243
1011,0.943626,2.61469,3.55832
1013,0.743328,2.3625,3.10583
1015,0.818423,2.7222,3.54062
1017,0.792809,3.53933,4.33214
1019,0.872276,5.01555,5.88783
1021,1.00052,2.07527,3.0758
1023,0.830291,2.47835,3.30864
1025,0.926524,3.71385,4.64038
1027,1.1076,2.62369,3.73129
1029,0.770768,2.28957,3.06035
1031,0.778885,2.20762,2.98651
1033,0.883877,2.96491,3.84879
1035,0.969422,2.36083,3.33026
1037,0.830906,2.20304,3.03395
1039,0.841303,4.09025,4.93156
1041,0.943328,4.01311,4.95644
1043,1.05046,3.31699,4.36746
1045,0.84208,2.68842,3.5305
1047,0.823195,2.55477,3.37797
1049,0.873095,2.4824,3.3555
1051,1.09738,3.89251,4.98989
1053,0.822093,2.47686,3.29896
1055,0.967334,3.77482,4.74216
1057,0.863538,4.58724,5.45078
1059,0.914146,3.01887,3.93302
1061,0.838249,2.9307,3.76895
1063,0.900453,2.79623,3.69668
1065,0.83278,2.94837,3.78115
1067,0.858191,3.06953,3.92773
1069,0.858908,4.13012,4.98903
1071,0.882922,3.07922,3.96214
1073,0.97738,5.23155,6.20893
1075,1.07096,5.03204,6.10301
1077,0.98403,3.73393,4.71796
1079,1.00892,2.19714,3.20606
1081,0.82153,2.15005,2.97158
1083,0.662214,1.81593,2.47815
1085,0.684501,2.19665,2.88116
1087,0.879913,2.75537,3.63529
1089,0.907438,2.97931,3.88676
1091,0.919968,3.82199,4.74196
1093,0.90291,4.70197,5.60489
1095,0.936042,5.62411,6.56016
1097,1.25244,3.69011,4.94256
1099,1.07716,3.56719,4.64435
1101,1.0475,5.81932,6.86682
1103,1.04843,2.95461,4.00304
1105,0.999741,3.14272,4.14246
1107,0.960413,3.00316,3.96358
1109,0.985308,2.77118,3.75649
1111,1.04798,3.36106,4.40904
1113,0.949322,3.0178,3.96712
1115,0.977976,3.0591,4.03708
1117,0.909987,2.89359,3.80358
1119,0.935028,2.66454,3.59957
1121,0.938785,2.66585,3.60464
1123,0.993853,3.23683,4.23068
1125,0.980385,3.05498,4.03537
1127,1.08346,2.72879,3.81225
1129,0.957178,2.92296,3.88014
1131,1.01534,2.81609,3.83143
1133,0.977381,3.08888,4.06626
1135,0.97968,3.31005,4.28974
1137,1.11415,3.52446,4.63861
1139,1.02706,6.04381,7.07088
1141,1.12857,4.86721,5.99578
1143,1.29366,4.15303,5.4467
1145,1.12505,2.87111,3.99616
1147,1.12757,2.84608,3.97365
1149,1.1805,2.99068,4.17118
1151,1.28873,4.54382,5.83255
1153,1.17138,3.05792,4.22931
1155,1.11147,3.31542,4.42689
1157,1.70702,3.99242,5.69945
1159,1.03171,3.42348,4.45519
1161,1.14583,3.52138,4.66722
1163,1.25568,3.57202,4.82771
1165,1.05014,3.09529,4.14543
1167,0.999838,4.03212,5.03196
1169,1.20247,3.22526,4.42774
1171,1.17155,4.34193,5.51348
1173,1.40335,3.23065,4.63401
1175,1.21213,3.07565,4.28779
1177,1.30816,3.49767,4.80584
1179,1.1799,3.48502,4.66492
1181,1.17796,4.53327,5.71123
1183,1.46907,4.24036,5.70943
1185,1.25091,3.84977,5.10069
1187,1.20052,3.86852,5.06904
1189,1.25473,3.91843,5.17316
1191,1.21938,4.46155,5.68093
1193,1.16462,3.85147,5.01609
1195,1.21475,3.28233,4.49708
1197,1.23257,3.0521,4.28467
1199,1.15152,3.42158,4.57311
1201,1.18542,2.97974,4.16517
1203,1.14239,3.34121,4.48361
1205,1.16034,4.80405,5.9644
1207,1.63977,4.1834,5.82317
1209,1.40153,3.84057,5.24211
1211,1.38007,4.76099,6.14106
1213,1.20795,4.06258,5.27054
1215,1.42994,4.28814,5.71808
1217,1.53092,5.31629,6.84721
1219,1.30284,3.0437,4.34654
1221,0.929604,2.78945,3.71908
1223,1.23441,4.49174,5.72616
1225,1.35687,3.52137,4.87824
1227,1.35843,3.99187,5.3503
1229,1.38452,3.9583,5.34282
1231,1.28659,7.14372,8.43031
1233,1.45213,3.96352,5.41565
1235,1.41376,5.29737,6.71114
1237,1.90985,4.1257,6.03555
1239,1.40512,4.01552,5.42064
1241,1.30482,4.67614,5.98096
1243,1.42041,3.91495,5.33537
1245,1.25069,4.81096,6.06166
1247,1.38844,4.48045,5.86889
1249,1.80954,3.93073,5.74027
1251,1.4099,5.96953,7.37944
1253,1.43067,6.715,8.14568
1255,1.65795,7.59836,9.25631
1257,2.39873,6.11812,8.51684
1259,1.9813,6.97505,8.95635
1261,1.66017,5.02064,6.68082
1263,1.46827,3.64464,5.11291
1265,1.37369,3.37715,4.75084
1267,1.41908,3.47123,4.89031
1269,1.50524,5.13389,6.63913
1271,1.39418,6.05806,7.45225
1273,1.58239,6.93981,8.52221
1275,1.53411,5.13236,6.66647
1277,1.48812,6.08387,7.57199
1279,1.75147,7.84137,9.59284
1281,1.60534,6.56641,8.17175
1283,1.48665,6.21825,7.7049
1285,1.61224,6.57423,8.18647
1287,1.63929,5.77602,7.41531
1289,1.4939,6.30736,7.80126
1291,1.53196,7.24943,8.78139
1293,1.64487,6.02246,7.66734
1295,1.64473,6.07716,7.72189
1297,1.53333,6.30942,7.84275
1299,1.67929,7.56736,9.24665
1301,1.51829,7.36628,8.88458
1303,1.52753,5.99303,7.52055
1305,1.659,6.58073,8.23973
1307,1.54859,6.63906,8.18765
1309,1.67306,6.70583,8.37889
1311,1.57592,6.38994,7.96587
1313,1.49673,6.30802,7.80476
1315,2.1938,7.61911,9.81292
1317,1.81828,5.00111,6.81939
1319,1.75073,8.80228,10.553
1321,2.12241,9.18258,11.305
1323,2.2332,9.78401,12.0172
1325,1.51442,7.18402,8.69845
1327,2.15318,6.89847,9.05165
1329,1.77656,6.76736,8.54393
1331,1.74304,6.90667,8.64972
1333,1.67265,7.22264,8.89529
1335,1.77143,5.68096,7.45239
1337,1.82344,6.38508,8.20852
1339,1.68689,6.43188,8.11878
1341,1.92953,6.50995,8.43948
1343,1.58026,6.03861,7.61887
1345,1.75333,6.45671,8.21004
1347,1.65615,7.9045,9.56066
1349,1.88753,7.16533,9.05286
1351,1.79551,7.5362,9.33171
1353,2.09784,7.96897,10.0668
1355,1.85773,7.75269,9.61042
1357,2.26746,7.81518,10.0826
1359,1.89254,7.58078,9.47333
1361,1.92528,8.1936,10.1189
1363,1.67843,7.43917,9.1176
1365,1.69032,6.15447,7.8448
1367,1.92171,6.27814,8.19986
1369,1.25676,5.46778,6.72455
1371,1.84,6.18625,8.02626
1373,1.73369,4.49814,6.23184
1375,1.68807,5.84714,7.53521
1377,1.84471,6.19707,8.04178
1379,1.75219,8.09955,9.85175
1381,2.08703,8.61969,10.7067
1383,1.95918,8.37901,10.3382
1385,1.97514,7.59087,9.56601
1387,2.13873,8.23142,10.3702
1389,2.18583,7.90113,10.087
1391,1.86103,7.18409,9.04513
1393,2.18572,8.97677,11.1625
1395,1.799,6.98805,8.78705
1397,1.76338,6.73947,8.50286
1399,1.84235,5.955,7.79734
1401,2.04687,7.13723,9.1841
1403,2.20109,6.48963,8.69072
1405,1.71966,4.8529,6.57256
1407,1.87057,10.2165,12.087
1409,3.15311,9.00592,12.159
1411,2.2914,7.70901,10.0004
1413,2.05134,5.55924,7.61059
1415,1.83922,6.52113,8.36035
1417,1.68904,6.20248,7.89152
1419,1.75539,7.9829,9.7383
1421,2.07461,5.45857,7.53319
1423,2.03512,9.5004,11.5355
1425,2.19831,6.21942,8.41773
1427,2.34813,10.4,12.7481
1429,1.88866,6.74459,8.63325
1431,1.84895,8.84377,10.6927
1433,1.70892,4.96454,6.67346
1435,2.12351,8.76989,10.8934
1437,1.84535,5.13632,6.98168
1439,1.77449,6.81674,8.59124
1441,1.96115,4.8899,6.85105
1443,1.9217,7.42031,9.34202
1445,2.85867,7.91408,10.7727
1447,2.91054,8.76482,11.6754
1449,1.85133,7.45998,9.31131
1451,2.18195,8.47874,10.6607
1453,2.03636,6.57012,8.60648
1455,2.05164,5.73144,7.78308
1457,1.90058,6.07612,7.97671
1459,1.78395,7.65742,9.44137
1461,1.92251,8.25884,10.1813
1463,2.0906,6.02356,8.11416
1465,1.95025,5.94839,7.89865
1467,2.02241,7.40963,9.43204
1469,2.35645,6.28681,8.64326
1471,2.21326,7.89629,10.1096
1473,2.29668,8.94397,11.2407
1475,2.85731,7.17881,10.0361
1477,3.491,7.57794,11.0689
1479,2.82697,8.45331,11.2803
1481,2.1721,7.60691,9.77902
1483,2.66043,8.70596,11.3664
1485,2.10096,6.46539,8.56636
1487,2.19946,9.13558,11.335
1489,2.61343,8.1355,10.7489
1491,2.35406,7.54863,9.90269
1493,1.93873,5.7164,7.65514
1495,1.91113,6.54674,8.45787
1497,2.00425,7.14916,9.15342
1499,2.17288,6.5986,8.77149
1501,2.27246,7.73652,10.009
1503,2.24487,6.82957,9.07444
1505,1.62516,6.76306,8.38823
1507,2.27594,7.69108,9.96702
1509,2.17906,7.40801,9.58707
1511,2.17185,7.02258,9.19444
1513,2.13745,5.7279,7.86535
1515,2.38957,5.91777,8.30734
1517,1.67102,5.0373,6.70832
1519,1.82798,7.12644,8.95442
1521,3.56763,8.17951,11.7471
1523,2.37972,10.053,12.4327
1525,2.0452,6.60977,8.65497
1527,2.14044,8.85112,10.9916
1529,2.64583,8.51734,11.1632
1531,2.94303,8.86754,11.8106
1533,2.6748,7.38354,10.0583
1535,2.32128,6.78298,9.10426
1537,2.50395,8.42303,10.927
1539,2.51011,8.75863,11.2687
1541,2.80308,11.7502,14.5533
1543,3.14593,8.83062,11.9766
1545,3.01217,10.3357,13.3479
